dem_req_rate	req_rate_ch_resin	con_rate_ch_resin	min_rep_rate_ch_resin	avg_rep_rate_ch_resin	max_rep_rate_ch_resin stddev_rep_rate_ch_resin resp_time_ch_resin net_io_ch_resin errors_ch_resin status_100_ch_resin status_200_ch_resin status_300_ch_resin status_400_ch_resin status_500_ch_resin req_rate_ch_nginx con_rate_ch_nginx min_rep_rate_ch_nginx avg_rep_rate_ch_nginx max_rep_rate_ch_nginx stddev_rep_rate_ch_nginx resp_time_ch_nginx net_io_ch_nginx errors_ch_nginx status_100_ch_nginx status_200_ch_nginx status_300_ch_nginx status_400_ch_nginx status_500_ch_nginx
20000		19942.3			1994.2			0			0			0		      0			       0.2		  6660.4	  0		  0		      8000		  0		      0			  0		      19960		1996		  0			0		      0			    0			     0.2		6412.9		0		0		    8000		0		    0			0
25000		24922.4			2492.2			0			0			0		      0			       0.2		  8323.7	  0		  0		      8000		  0		      0			  0		      24929.5		2493		  0			0		      0			    0			     0.2		8009.5		0		0		    8000		0		    0			0
30000		29845.5			2984.5			0			0			0		      0			       0.2		  9967.9	  0		  0		      8000		  0		      0			  0		      29900.8		2990		  0			0		      0			    0			     0.3		9606.8		0		0		    8000		0		    0			0
35000		34792.7			3479.3			0			0			0		      0			       0.2		  11620.2	  0		  0		      8000		  0		      0			  0		      34842.4		3484.3		  0			0		      0			    0			     0.6		11194.5		0		0		    8000		0		    0			0
40000		39736.9			3973.7			0			0			0		      0			       0.2		  13271.5	  0		  0		      8000		  0		      0			  0		      39754		3975.4		  0			0		      0			    0			     1.2		12772.5		0		0		    8000		0		    0			0
45000		44644.2			4464.4			0			0			0		      0			       0.2		  14910.4	  0		  0		      8000		  0		      0			  0		      6803.2		680.3		  0			0		      0			    0			     3.3		2185.8		0		0		    8000		0		    0			0
50000		49547.6			4954.8			0			0			0		      0			       0.2		  16548.1	  0		  0		      8000		  0		      0			  0		      6909.7		691		  0			0		      0			    0			     4.05		2220		0		0		    8000		0		    0			0
55000		54465.9			5446.5			0			0			0		      0			       0.2		  18190.8	  0		  0		      8000		  0		      0			  0		      54519.9		5452		  0			0		      0			    0			     0.2		17516.6		0		0		    8000		0		    0			0
60000		59388.6			5938.8			0			0			0		      0			       0.2		  19834.8	  0		  0		      8000		  0		      0			  0		      7106.1		710.6		  0			0		      0			    0			     2.5		2283.2		0		0		    8000		0		    0			0
65000		64255.3			6425.5			0			0			0		      0			       0.2		  21460.3	  0		  0		      8000		  0		      0			  0		      64244.7		6424.4		  0			0		      0			    0			     0.45		20641.1		0		0		    8000		0		    0			0
70000		69167.7			6916.8			0			0			0		      0			       0.2		  23101		  0		  0		      8000		  0		      0			  0		      69268.9		6926.8		  0			0		      0			    0			     0.9		22255.3		0		0		    8000		0		    0			0
75000		73891.5			7389.2			0			0			0		      0			       0.2		  24678.6	  0		  0		      8000		  0		      0			  0		      7356.4		735.6		  0			0		      0			    0			     3.6		2363.5		0		0		    8000		0		    0			0
80000		76723.8			7672.4			0			0			0		      0			       0.2		  25624.6	  0		  0		      8000		  0		      0			  0		      7368.4		736.9		  0			0		      0			    0			     2.65		2367.5		0		0		    8000		0		    0			0
85000		83562.5			8356.2			0			0			0		      0			       0.2		  27908.6	  0		  0		      8000		  0		      0			  0		      7253.9		725.4		  0			0		      0			    0			     4.5		2330.6		0		0		    8000		0		    0			0
90000		67558.8			6755.8			0			0			0		      0			       3		  22563.6	  0		  0		      8000		  0		      0			  0		      7538.1		753.8		  0			0		      0			    0			     4.8		2421.9		0		0		    8000		0		    0			0
95000		93422.4			9342.3			0			0			0		      0			       0.3		  31201.7	  0		  0		      8000		  0		      0			  0		      7273.6		727.4		  0			0		      0			    0			     4.75		2337		0		0		    8000		0		    0			0
100000		98335.8			9833.5			0			0			0		      0			       0.3		  32842.6	  0		  0		      8000		  0		      0			  0		      7321		732.1		  0			0		      0			    0			     2.9		2352.2		0		0		    8000		0		    0			0
105000		102964.5		10296.5			0			0			0		      0			       0.3		  34388.5	  0		  0		      8000		  0		      0			  0		      7315.3		731.5		  0			0		      0			    0			     3.9		2350.3		0		8000		    0			0		    0
110000		103200.7		10320.1			0			0			0		      0			       0.8		  34467.4	  0		  0		      8000		  0		      0			  0		      7257.4		725.8		  0			0		      0			    0			     3.5		2331.7		0		8000		    0			0		    0
115000		61480.7			6148			0			0			0		      0			       3.8		  20533.6	  0		  0		      8000		  0		      0			  0		      7284.8		728.5		  0			0		      0			    0			     3.95		2340.5		0		0		    8000		0		    0 0
120000		7490.3			749			0			0			0		      0			       2.3		  2501.6	  0		  0		      8000		  0		      0			  0		      4284.1		444		  0			0		      0			    0			     6.05		1376.4		0.68181818181818		    0			7520		    0 0 0
125000		7522.3			752.2			0			0			0		      0			       3.45		  2512.3	  0		  0		      8000		  0		      0			  0		      7597.8		759.8		  0			0		      0			    0			     5.2		2441.1		0				    0			8000		    0 0	0
130000		123398.6		12339.8			0			0			0		      0			       0.6		  41213.2	  0		  0		      8000		  0		      0			  0		      4385		447		  0			0		      0			    0			     4.8		1408.8		0.3475935828877			    0			7740		    0 0	0
135000		7530.1			753			0			0			0		      0			       4.25		  2514.9	  0		  0		      8000		  0		      0			  0		      4252.4		447.2		  0			0		      0			    0			     7.2		1366.3		1.006006006007330		    0			0		    0
140000		88842.1			8884.2			0			0			0		      0			       2.55		  29671.8	  0		  0		      8000		  0		      0			  0		      4302.7		446.4		  0			0		      0			    0			     7.75		1382.4		0.6980056980057			    0			7510		    0 0 0
145000		7591.5			759.2			0			0			0		      0			       2.65		  2535.5	  0		  0		      8000		  0		      0			  0		      7634.5		763.5		  0			0		      0			    0			     7.2		2452.9		0				    0			8000		    0 0	0
150000		111736.9		11173.7			0			0			0		      0			       2		  37318.3	  0		  0		      8000		  0		      0			  0		      7865.6		786.6		  0			0		      0			    0			     7.25		2527.1		0				    8000		0		    0 0
